17111777 0111116110. ’ 583

7777071797 107, 20. · ’ 86767101, ὔ2, 8. -
ἅνῆίδᾏν {4523} 918οἱ12121ἕοΐ3. βρῗχ 77Ξ1μ717ω707117777771, 99, 15.
71718η711,5,.,132011.200,20. ιτονη μ,,.771155711
(7177706777 Par.) 081,0. (717771οψ 1719177677771,199,7.219,22.19
P..) 7776777771.15,10. 09 5 66,10.
“ 7177777ωῇ 77777711, 0009. 111, 265, 11. 11, 57,.5 161, 21. 219, 20. 200 -
, 7177077777177196 1,27, 15. 51, 2. 607. 20 207, 15. 019, 11. 111 ,212,18.
1 070, 21. 079, 2. 77717770 71771 209 11’260,7. ’27010 29020.
· 12010. 060,’0. 19. 0111, 16. 7717771879 11, 08018. 571, 15.
0809. 02010. 1,1010. 10, ””17’.7’1”””1”’1775’8111’1111’2
05’2,61’6,5075”5”’55οω1,’” ’ω u ’111,0001’1.’17 2117791100, 11101 .
ἄνεπικρυκευτοε 111,265,8. 16. 90,10. 111, 22 110,21.169,’
ἀνεπίμικτος 111, 265, 0, 0. 222, 22. 208, 2. 260, 717.
ἄνευ 776707, prmum 17, 282, 12. Δι’777771, 61,6. 611 119911.
511016517111’17717’7111771ἶ”’ 111, 101, 12. 0711107007 771 0791 111, 156,7.
6777197 77. 77777) 7077771, 220. ’1,11 07770777 9777771, 228, 5.
’ 212³. 7171117771, 17010. 077771177717711, 623, 12.
77:777777777547795, 877777771677191,60, 11. 111, 2507.
71777 7176777111, 795247. 016, 11.

' 71777 911, 200, 1. 085, ’17. 77770 9127767771, 59, 0.
Ι 677771777οἑχε10777(71’7777777917700777 077μ1117771,171,10.

R777k777)111162,.7 ...,1. 9...οω 97.. 71, 7777, 7⁰. ”

· 717777777771977711,029,10. ‹ 111,205,17.

777777777777'7 (177177777777777177 ⁰77· 777777777777777111, 121,12.
..7111710 ’ ’71 ’17717115 17'77, 17. 11οῗ..0..’1.01177”175, 7
777771177171777 111 05, 12. 57,.'7 7777 7077 711779 11 626,

’ 0777777771177711, 001, ’17. 17110029, 10. 07867777.ρο717777 11016221, 2.
ἅπανθαδιᾶζεσθαι ’111, 777’4. 7777777117,117,18.

7, 0707777797 11777 111, 215 3. οομεῖν1, 500, 0.

² 71077777 07777 111, 72, 12. 90, 17. 110, 77777777777 777, nd 17,577,1o.
· um,w.m,fl. ωωωΜ7

777777 9111707771, ’2.58, 12. 177777ρὲ ρνφζια ’1,2007771 19.111,17,17.
’ 6777 71771777 10022101 177075717110520, 0.

:' 577777 07377. 17,777, 10. 77 ... ...3...7ω 1’ 77. 7. 1717,
7 6777177777 τῇ 77117777671771, 095, 8,,,391 lm 211‚',510925,

11. ’77207 τὴν 7777777777727 111, 8. 22012. 2'39, 10. 207, 0. 111,
17⁰&- 14· 17777'1. ⁷7⁹7 11η 707 1. 079 127177
7177777177.. vulgo 17, 5609. 777777771777077 7, 017,9 11, 7579.

0777117771 77 71777797οΜ 91, 9. 212 19. 229, 17.

-Ϊ 11.·11ἱ1.1ἰ,117,ἱ1..... 7... . 77:¹7. ’0111211111ἒο

17, 022, 21. 7777. 592, 18. 77777177777771, 119, 21. 11, 1109.

600. 5· Simila 777517777777’ 717117 7717677777· ,

79777777 77777177777777
1777777777761, 26017. 7,,777 17. ’7777777777 777, 77,
ἄτη μελεϊνΙ, 096, 2011,.570,1 17.1..μαχη’......17176,7.
77777777777111. 80 11. 4777577777777 17, 088, 0 '³77 28.
7777 ..7. ...7. 77,7197,7 777, 77. 777, 77. 77...7.777’ 77,

’,7777111 09,12,’ 21.1771ω77711005,6. 7777}-
7710 7777 1010015 11209.7ω771,100,5.(0107117777711,120,6.).
7....7. 7.. 71. 8⁹..4 777m7³⁴8 7, 777, 17. 11, 77, 17

7....71...777...’77, 77717 ...77.... 7, 777177. 17. ’.1729

 

