111111 1111011111

11 10111 1111111. 11111111 -

11111111101111111111. 41111 ⁸ 11118 849. 870.
Aeto Apostolorum 415. 881. 88. 898. . 405. 419.
,4111118111 ΟΡ. 418. 420. 481. 488. 451.
4111111111 Oooo 851898. 41111 op 11111111 111 Mufonnim
Aemilios 0111411868. 849. ,488
481111 488. 41111 1111111111111. ΟΡ. 881.
AgnpetuoPoposs'l'l. 467. 445. 460.
41111111 0111111111 418. 4854891 411111111111111 8. 8111111871. 888.
Αεὲ4ἓιι8971449ηω4ὧ.8441.4614. m: 4141281118 1111111468.

481. 489. 448. 454. 455. 41111 91811 (1111111896. 487.
4111111111 857. 880. 894. 408. 411. 4111111111 S. 11111111 466.

418. 487. 41111· 11111 S. Nih 424.
Anastasius 8111111111. 854. 861. 868. 81111111 cilix 860.

{gg 884. 406. 484. 485. 488. 441. griffi: 801111ιὲ1ὶέ 856.

. 11 . .
1.11...11.1111111.114.111.197ξ 011111 81101111 855. 8683984116·
4111111111. Epigono. 871. 481. 449. (111111111873. “

4111111111111. 372. Capitolinus 465.
411111114111111111445. 0111111111· 860. 864. 865. 418.
41111111811111111858. 488. 431.44ο.441445.441.
zffioffim mmm· 8ῧ4126114ῒ13838111858.410.
4111111111 uvion 858. 870. 416. chronicon 4111118111111 861. 874.
411111111879. 455. . 876. 877. 888. 892. 897. 405. 405.
amnia, ὕλησ 41¹0 mom· ⁴6⁵0

 

